25
234
0 1
0 3
0 5
0 7
0 9
0 11
0 13
0 15
0 17
0 19
0 21
0 23
2 1
2 3
2 5
2 7
2 9
2 11
2 13
2 15
2 17
2 19
2 23
4 1
4 3
4 5
4 7
4 9
4 11
4 13
4 15
4 17
4 19
4 21
4 23
6 1
6 3
6 5
6 7
6 13
6 15
6 17
6 19
6 21
6 23
8 1
8 3
8 5
8 7
8 9
8 11
8 13
8 15
8 17
8 19
8 21
8 23
10 1
10 3
10 5
10 7
10 9
10 11
10 13
10 15
10 17
10 19
10 21
10 23
12 1
12 3
12 5
12 7
12 11
12 13
12 15
12 17
12 19
12 21
12 23
14 1
14 3
14 5
14 7
14 9
14 11
14 13
14 15
14 17
14 19
14 21
14 23
16 3
16 5
16 7
16 9
16 11
16 13
16 15
16 17
16 19
16 21
16 23
18 1
18 3
18 5
18 7
18 9
18 11
18 17
18 21
18 23
20 1
20 3
20 5
20 7
20 9
20 11
20 13
20 17
20 19
20 21
20 23
22 1
22 3
22 5
22 7
22 9
22 11
22 13
22 15
22 17
22 19
22 21
22 23
24 1
24 3
24 5
24 7
24 9
24 11
24 13
24 17
24 19
24 21
24 23
