50
311
0 1
0 3
0 5
0 7
0 9
0 11
0 13
0 17
0 19
0 21
0 23
0 25
0 27
0 29
0 31
0 33
0 35
0 37
0 39
0 43
0 45
0 47
0 49
2 1
2 3
2 5
2 7
2 9
2 11
2 13
2 15
2 17
2 19
2 21
2 23
2 25
2 27
2 29
2 31
2 33
2 35
2 37
2 39
2 41
2 43
2 45
2 47
2 49
4 1
4 3
4 5
4 7
4 9
4 11
4 13
4 15
4 17
4 19
4 25
4 27
4 29
4 31
4 35
4 37
4 39
4 41
4 43
4 45
4 47
4 49
6 1
6 3
6 5
6 7
6 9
6 11
6 13
6 15
6 17
6 19
6 23
6 25
6 27
6 29
6 31
6 33
6 35
6 37
6 39
6 41
6 43
6 45
6 47
6 49
8 1
8 3
8 5
8 7
8 9
8 11
8 13
8 15
8 17
8 19
8 21
8 23
8 25
8 27
8 29
8 31
8 33
8 35
8 37
8 39
8 41
8 43
8 45
8 47
8 49
10 1
10 3
10 5
10 7
10 9
10 11
10 13
10 15
10 17
10 19
10 21
10 25
10 29
10 31
10 33
10 35
10 37
10 39
10 41
10 43
10 45
10 47
10 49
12 1
12 3
12 5
12 7
12 9
12 11
12 13
12 15
12 17
12 19
12 21
12 23
12 27
12 29
12 31
12 33
12 35
12 37
12 39
12 41
12 43
12 45
12 47
12 49
14 1
14 3
14 5
14 7
14 9
14 11
14 13
14 15
14 17
14 19
14 21
14 23
14 25
14 27
14 29
14 31
14 33
14 35
14 37
14 39
14 41
14 43
14 45
14 47
14 49
16 1
16 3
16 5
16 7
16 9
16 13
16 15
16 17
16 23
16 25
16 29
16 31
16 33
16 35
16 37
16 39
16 41
16 43
16 45
16 47
16 49
18 1
18 3
18 5
18 7
18 9
18 11
18 13
18 15
18 17
18 19
18 21
18 23
18 25
18 27
18 29
18 31
18 33
18 35
18 37
18 39
18 41
18 43
18 45
18 47
20 1
20 3
20 5
20 7
20 9
20 11
20 13
20 15
20 17
20 19
20 21
20 23
20 25
20 27
20 29
20 31
20 33
20 35
20 37
20 39
20 41
20 43
20 45
20 47
20 49
22 1
22 3
22 5
22 7
22 9
22 11
22 13
22 17
22 19
22 21
22 23
22 25
22 27
22 29
22 31
22 33
22 35
22 37
22 39
22 41
22 43
22 45
22 47
22 49
24 1
24 3
24 5
24 7
24 9
24 13
24 15
24 17
24 19
24 21
24 23
24 25
24 27
24 29
24 33
24 35
24 37
24 39
24 41
24 43
24 45
24 47
24 49
26 1
26 3
26 5
26 7
26 9
26 11
26 13
26 15
26 17
26 19
26 21
26 23
26 25
26 27
26 29
26 31
26 33
26 35
26 37
26 41
26 43
26 45
26 47
26 49
28 1
28 3
28 5
28 7
28 9
28 11
28 15
28 17
28 19
28 21
28 23
28 25
28 27
28 29
28 31
28 33
28 35
28 37
28 39
28 41
28 43
28 45
28 47
28 49
30 1
30 3
30 5
30 7
30 9
30 11
30 13
30 17
30 19
30 21
30 23
30 25
30 27
30 29
30 31
30 33
30 35
30 37
30 39
30 43
30 45
30 47
30 49
32 1
32 3
32 5
32 7
32 9
32 11
32 13
32 15
32 17
32 19
32 21
32 23
32 25
32 27
32 29
32 31
32 33
32 35
32 37
32 39
32 41
32 43
32 45
32 49
34 1
34 3
34 5
34 7
34 9
34 11
34 13
34 15
34 17
34 19
34 21
34 23
34 25
34 29
34 31
34 33
34 35
34 37
34 39
34 41
34 43
34 45
34 47
34 49
36 1
36 3
36 5
36 7
36 9
36 11
36 13
36 15
36 17
36 19
36 21
36 23
36 25
36 27
36 29
36 31
36 33
36 35
36 37
36 39
36 41
36 43
36 45
36 47
36 49
38 1
38 5
38 7
38 9
38 11
38 13
38 15
38 17
38 19
38 23
38 25
38 27
38 29
38 31
38 33
38 35
38 37
38 41
38 43
38 45
38 47
38 49
40 1
40 5
40 7
40 9
40 11
40 13
40 15
40 17
40 19
40 21
40 25
40 27
40 29
40 33
40 35
40 37
40 39
40 41
40 43
40 45
40 47
40 49
42 1
42 3
42 5
42 7
42 9
42 11
42 13
42 15
42 17
42 19
42 21
42 23
42 25
42 27
42 29
42 31
42 33
42 35
42 37
42 39
42 41
42 43
42 45
42 47
44 1
44 3
44 5
44 7
44 9
44 11
44 13
44 15
44 17
44 19
44 21
44 23
44 25
44 27
44 29
44 31
44 33
44 35
44 37
44 39
44 41
44 43
44 45
44 47
44 49
46 1
46 3
46 5
46 7
46 9
46 11
46 13
46 15
46 17
46 19
46 23
46 25
46 27
46 29
46 31
46 33
46 35
46 37
46 43
46 45
46 47
46 49
48 1
48 3
48 5
48 7
48 9
48 11
48 13
48 15
48 17
48 19
48 23
48 25
48 27
48 29
48 31
48 33
48 35
48 37
48 39
48 41
48 43
48 45
48 47
48 49
